bpm	plane	beam_energy_mev	tune	tune_err	closed_orbit_mm	closed_orbit_mm_err	beta_h_mm	beta_v_mm	tune_spread	tune_spread_err	tune_shift_per_turn	tune_shift_per_turn_err	closed_orbit_shift_per_turn_mm	closed_orbit_shift_per_turn_mm_err	betatron_phase_rad	betatron_phase_rad_err	beta_h_mm_err	beta_v_mm_err	beta_err	revolution_frequency_hz
R0HM1	H	71.12555399898463	0.31791303565770845	0.001000442921657814	3.3603074044994785	0.7396545000390231	46.57260837511085	NaN	0.045012801135395276	0.0025978178844500064	-6.538593320743763e-05	2.4218164981038753e-05	-0.10557719348041826	0.019908013366466415	1.340556385076681	0.04487067740145167	1.8264175008688746	NaN	1.8264175008688746	676552.5534666404
R3HM1	H	71.12681155454766	0.31625217794125093	0.0011633501744287777	5.611976077126884	1.191058084433457	-60.53555529633798	NaN	0.04232878399163917	0.0029961016060622583	-2.6700914293772993e-05	2.7563305219678667e-05	-0.12359093157583183	0.03207463662257975	-1.3479005782477318	0.053305170887507254	2.908873182779664	NaN	2.908873182779664	676636.8063144069
R4HM2	H	71.16012455154492	0.31723515946767705	0.0012143279639570948	15.747138235398872	1.1316370835655176	-57.26222029902356	NaN	0.04386569474608977	0.0031313594520100845	-6.175884905920778e-05	2.895015322494717e-05	-0.14986398417362387	0.030458699367476163	1.3488034029238187	0.05539364832691937	2.7663662528512107	NaN	2.7663662528512107	676877.1964905543
R5HM1	H	71.15627314462074	0.31598564268864376	0.0011384823755318744	5.609057297302156	1.0575427456005964	59.04625847743488	NaN	0.04361062573736565	0.0027642259837894418	-1.9429354919530417e-05	2.6682152892249523e-05	-0.167760269706557	0.028461879637370097	0.940836715308908	0.053326963871995696	2.4896017207595826	NaN	2.4896017207595826	676503.7407075709
R7HM1	H	71.13573108137302	0.3172024621908847	0.0013720156860317647	-6.135379304726606	1.0797147936010283	48.19741431118148	NaN	0.04176311284877269	0.0032841146336634887	-3.3612419826670216e-05	3.1680856536916956e-05	-0.09373548625652119	0.029545637237187915	-0.5884105677486147	0.0652441659614631	2.505602959165839	NaN	2.505602959165839	676769.2622418926
R7HM2	H	71.17222387590141	0.3167172681109198	0.0012766582903582344	-11.560782372315732	1.116094130875615	59.7666131395823	NaN	0.04460419761120632	0.0028782959561085893	-4.222436924965664e-05	2.998289779628968e-05	-0.2099692328201239	0.030543458387147896	0.04808411545730786	0.0599550783871542	2.5090729785089865	NaN	2.5090729785089865	676540.366970901
R8HM2	H	71.14680478692918	0.31676613771057827	0.001260447055941263	25.32567049867453	1.0093795782259405	-52.67962334855906	NaN	0.043613397734570646	0.0029211218234311345	-5.306406730433489e-05	2.9465575339435206e-05	-0.13637524312096957	0.02719522206391902	-0.3281845522501304	0.059278223924872114	2.3317203568293876	NaN	2.3317203568293876	676955.48034215
R9HM1	H	71.15896971056088	0.3175365463392655	0.001116600536125492	-1.5291178356494175	1.087971809633232	62.44101785388854	NaN	0.044907870583761916	0.002827574097143578	-5.9836360987251966e-05	2.7058068244560845e-05	-0.1852579017226987	0.029308964194638756	-0.8466783035218944	0.05002153347666045	2.6719315955115075	NaN	2.6719315955115075	676563.158644252
R0VM1	V	71.11593962223202	0.8931169206734145	0.0014859150645124056	14.467700818771219	1.241832126163971	NaN	-50.98938163923159	0.03883788156594029	0.003130249611360361	0.00020702347192227144	3.2319736762366515e-05	-0.2743853970167575	0.03323817358276932	-0.6036216374957045	0.0768367699365057	NaN	2.6331443033975312	2.6331443033975312	676842.7772530338
R3VM1	V	71.1126346767453	0.8912972444252796	0.000990355473761422	-2.5460823280868436	0.7878635802949104	NaN	39.3174570697336	0.03511338398872458	0.0024268081547343576	0.00012285884107129136	2.1074975420635514e-05	0.03120901048456131	0.020798982945857497	0.9756668271247355	0.05117186973439615	NaN	1.7871581740148088	1.7871581740148088	676563.7494954012
R3VM2	V	71.11921443159969	0.8927025825524368	0.0009471000318214998	-11.241690514852785	0.9130689210964061	NaN	50.75902413571928	0.037553568821943044	0.002330183004682832	0.0001584098457637731	2.100651366046436e-05	-0.009042627699248327	0.024420686784573785	0.9088699227831231	0.04680123796551677	NaN	2.1047720319342034	2.1047720319342034	676591.7772529289
R3VM3	V	71.1129532056384	0.8952230767933462	0.0014009874504079427	-8.221009866324053	1.2080781637925055	NaN	49.29248685514814	0.03548224748057502	0.002810210501117032	0.0002235633389099433	2.9199260605267895e-05	0.0678154924993543	0.03226693703752005	-0.12820876663578454	0.07601014842846493	NaN	2.4480570908897916	2.4480570908897916	676368.4728575291
R4VM1	V	70.51189784388708	0.6041795602121751	0.006562558538773716	8.452302138370545	3.601120776235952	NaN	-35.20368108145675	0.0509147107768374	0.019575481495911973	-0.012622041912003728	0.00017548211194570786	0.0064741979225684965	0.09814740072731593	-1.5201638399738449	0.27207225946240243	NaN	9.411103331055909	9.411103331055909	676819.7570620056
R4VM2	V	70.4882786370897	0.8936118405305646	0.001069555467144129	13.615579883391781	0.9995209236224591	NaN	-52.31128543359063	0.03805773574332273	0.0024540430306668973	0.00017389734468486616	2.3714911578041408e-05	0.013087256059304182	0.027093454900383077	0.5368652719697922	0.05345883588700831	NaN	2.221944187703785	2.221944187703785	676814.8968247905
R5VM2	V	71.123927024502	0.8897236065142222	0.001006701088834637	-7.577801932613789	0.7926069227327788	NaN	39.48408087113932	0.035855343062737056	0.002495455418524537	0.000102857577125311	2.2021019256656475e-05	0.024776658457497772	0.021240287778676863	1.1634666800520017	0.050588681704188475	NaN	1.817948309306817	1.817948309306817	676692.3790219196
R6VM1	V	71.12037082703557	0.8905327007213875	0.0009261258972380592	-11.324955964637235	0.7235228645358971	NaN	46.714331285513396	0.03780222778968928	0.0019189486408571921	0.00011392321766112416	1.9718675806886902e-05	0.04491476231067276	0.01938399929510332	-0.3039144304901414	0.04896748918589466	NaN	1.4981879998246146	1.4981879998246146	676505.0125633259
R7VM2	V	71.11938679466675	0.8933153937281699	0.0010160759045855262	18.61747482381123	0.9050802132242923	NaN	-49.27993028208273	0.03778665857978171	0.0023402921070343084	0.00018469642231824766	2.2190639728830367e-05	-0.04328465139915262	0.024175807323814105	0.53892449659271	0.05143262557610967	NaN	2.0122639845496364	2.0122639845496364	676761.2625874667
R9VM2	V	71.1296824807884	0.8913435093248934	0.0011411206757685455	6.217966789773683	1.1321024390448637	NaN	47.82192848884325	0.0324425450749034	0.002636880392491599	0.0001222577772235554	2.3522058272303947e-05	0.0002953852926450083	0.030452443261431626	-1.2763968135833337	0.06230948716045732	NaN	2.4478220631310896	2.4478220631310896	676517.3358889173
