bpm	plane	beam_energy_mev	tune	tune_err	closed_orbit_mm	closed_orbit_mm_err	beta_h_mm	beta_v_mm	tune_spread	tune_spread_err	tune_shift_per_turn	tune_shift_per_turn_err	closed_orbit_shift_per_turn_mm	closed_orbit_shift_per_turn_mm_err	betatron_phase_rad	betatron_phase_rad_err	beta_h_mm_err	beta_v_mm_err	beta_err	revolution_frequency_hz
R0HM1	H	71.11671924691058	0.33808733111121	0.0009942405128419685	3.697505162684173	0.8284308210766812	-41.18884956060554	NaN	0.03329299080355147	0.0023187856555863568	-1.5242648947622365e-05	2.0875475406971916e-05	-0.06912862584218084	0.02232775301976406	-1.7496803087528692	0.05285165807346943	1.8224419907541698	NaN	1.8224419907541698	676470.4489238908
R1HM1	H	70.28703709947479	0.3498340373650508	0.006800971049930508	8.958309772576456	5.006707600649877	-42.13294073348157	NaN	0.039713316050520885	0.016680660832130833	-0.0005389344387911937	0.000154761330844313	0.017980669695299392	0.13490605980564832	-0.8168174397658842	0.3270214852149312	11.812867048662913	NaN	11.812867048662913	676551.4195662402
R5HM1	H	71.1596416705911	0.3379117843309111	0.0008948751674359572	6.955896043598283	0.9213672259017787	-53.612061364525836	NaN	0.033442407967815224	0.0019447929948430568	-1.1090537327349874e-06	1.843698583550937e-05	-0.14068748683355478	0.02482767260934339	-2.3162010194643923	0.048934621950264025	1.940883796287057	NaN	1.940883796287057	676350.1063749037
R8HM2	H	70.54331107951862	0.3476989975982218	0.00285917453296917	26.46739340544444	2.2009795544977493	-61.10935238336125	NaN	0.05450717533187016	0.007454551337152928	-0.00044955255996231657	7.785317800204095e-05	-0.1293429971244902	0.060223037705066956	-0.5766618897470962	0.11293832269330889	5.7486141839894085	NaN	5.7486141839894085	671620.0816349535
R9HM1	H	70.55748518937287	0.3372909618070218	0.0008733165024036052	-1.590976068307559	0.9400085456156646	55.84591647956107	NaN	0.034800556272990724	0.002028405155314527	1.4859684871879235e-05	1.905434775121524e-05	-0.12449834719391624	0.026144824477335866	-0.8412658773807826	0.044551168180390066	2.0803414240986693	NaN	2.0803414240986693	671512.3299499507
R0VM1	V	71.13536462533648	0.7926395456528572	0.002989490659316701	5.220658577695622	1.1590075432223625	NaN	-23.018930878182548	0.038662081588126174	0.006589508958347416	-8.599597977669763e-05	6.519041944508715e-05	-0.3594264872694962	0.03122302056197722	-0.38855758888559566	0.1527002418831337	NaN	2.5159540426303533	2.5159540426303533	676839.8367920362
R1VM1	V	71.07600463234735	0.7941707633307822	0.004369441647792224	-8.394636227023806	0.8941372218063005	NaN	-10.39542168487845	0.035338265130796145	0.010598444568695315	9.342579898691344e-06	9.362003536644071e-05	-0.02268440901646417	0.023699685936054846	1.4784145429942723	0.22510260302766177	NaN	2.0349194204548584	2.0349194204548584	676555.9915997386
R3VM1	V	71.07011766385659	0.7944114585330471	0.001367060110568045	8.550721297733936	0.49713957757055016	NaN	18.347033165707952	0.03391641772042627	0.0031568502289305357	-5.627608971446299e-05	2.8364785824968917e-05	-0.017725964568656393	0.013162207153227518	0.8641346334077153	0.07346568348431774	NaN	1.0890420418045732	1.0890420418045732	676403.4776404396
R3VM2	V	71.11552679549067	0.794837020763045	0.0011949280490541193	3.982564398377992	0.5453766787511092	NaN	23.01457129310212	0.032595959335319946	0.0026099177658251943	-2.698823920592622e-05	2.4661498212539745e-05	0.00988741642487773	0.014669103054029417	0.6622858523785179	0.065163870051524	NaN	1.1517489879057865	1.1517489879057865	676607.7441249364
R3VM3	V	71.05003490446325	0.795543152574032	0.0016568061118890913	11.489907108372476	0.7523877610933529	NaN	-26.407571349562218	0.03752178379148293	0.0036011610718811402	-3.39456474537942e-05	3.596664781718159e-05	0.02378983760515798	0.02055992544524486	2.7396073299377637	0.08536449198674231	NaN	1.609536602294686	1.609536602294686	676484.9476620394
R4VM1	V	71.13686452259464	0.8054733535482959	0.0020095171424933584	3.9248332874108947	0.9059158246830428	NaN	-27.847811139615235	0.0447136213409525	0.005284873560442622	0.00035191187698384996	4.876081507904375e-05	0.038396770291728256	0.02435076677697576	1.6136460070866363	0.08956552021066518	NaN	2.250877204546286	2.250877204546286	676702.0233849639
R4VM2	V	71.11812107887891	0.7962721050656306	0.0014876188546518083	1.7957591635321186	0.6927057931599251	NaN	-24.835010380213053	0.03415571835713041	0.0031895923551978696	3.6913108672968197e-06	3.1027445630390654e-05	0.018288775631249605	0.018634115146510043	0.3953630483065877	0.08020690651484881	NaN	1.4558652946500634	1.4558652946500634	676576.4808150693
R5VM1	V	71.11983078970968	0.7940008046572218	0.001151214604876169	-4.550201740284693	0.46394605962293783	NaN	21.3318441919325	0.03578158151289437	0.0026855304171061966	-3.9188878950603284e-05	2.47304584378601e-05	0.0010433984298516296	0.012495430852016045	2.0981054359810094	0.05959473869203208	NaN	1.0327858487248471	1.0327858487248471	676674.029219717
R5VM2	V	71.14207402608378	0.7927766299772232	0.0013688696565531478	4.831921012717553	0.542671332071644	NaN	19.562213173295365	0.03304119775262275	0.003145772699279866	-8.429764613332954e-05	2.8807744439994685e-05	-0.023077550573480276	0.014600737391785294	1.1199192167071996	0.07261068829919445	NaN	1.1851645899816212	1.1851645899816212	676792.9793389504
R6VM1	V	71.1247890914272	0.7941199198477232	0.0010995891748135603	7.344709688899167	0.42009435633379294	NaN	19.340705050916068	0.030918413707767267	0.0022296413317190477	-5.86355747551523e-05	2.1989101605469036e-05	-0.01621471823982849	0.011325857419033051	-0.19769242704425558	0.06261761668393805	NaN	0.8423696017627604	0.8423696017627604	676606.1031726759
R7VM2	V	71.1112793416666	0.7955764392967155	0.001245832777734169	-2.8923108770697126	0.5136700515611617	NaN	-21.654304295346652	0.034272130842513425	0.0027437803402509645	-3.1690361140598806e-05	2.6294115526787012e-05	0.015864734746846607	0.013823275468352884	0.6593341583376386	0.06610948664000182	NaN	1.1012738093550842	1.1012738093550842	676636.2544323048
R8VM1	V	71.1296776065733	0.7951431858230441	0.0009290216601745755	-1.165013603434936	0.45419256841540795	NaN	24.79187152103972	0.035077976950566456	0.002235357794925566	-3.474877116652425e-05	1.998387118727989e-05	-0.014936802373277474	0.01221356008557373	1.340598453559381	0.047786429571867135	NaN	1.0239810191748293	1.0239810191748293	676672.7808573821
R9VM2	V	71.11262270168953	0.7962662476517105	0.0009911081040685013	2.0381857000439836	0.4505186063212715	NaN	-25.256126168133946	0.03793939535451026	0.002348744608490619	-1.181082395689304e-05	2.1786026008489807e-05	-0.012055199687282131	0.012130244956138993	2.140888644940012	0.049895057561905765	NaN	1.021138769550115	1.021138769550115	676558.5592800668
