bpm	plane	beam_energy_mev	tune	tune_err	closed_orbit_mm	closed_orbit_mm_err	beta_h_mm	beta_v_mm	tune_spread	tune_spread_err	tune_shift_per_turn	tune_shift_per_turn_err	closed_orbit_shift_per_turn_mm	closed_orbit_shift_per_turn_mm_err	betatron_phase_rad	betatron_phase_rad_err	beta_h_mm_err	beta_v_mm_err	beta_err	revolution_frequency_hz
R0HM1	H	71.14692757626642	0.35279143411040953	0.0012908488524418446	6.984768938780854	0.7347870484147964	-40.11907319005239	NaN	0.050751120826674496	0.003516545055729692	-0.0003243769241805918	3.392517092883611e-05	-0.08381728538455646	0.01977933666350763	-1.6854036395888712	0.05288978589277247	1.927368505192599	NaN	1.927368505192599	676692.914698867
R1HM1	H	71.14836408587303	0.3452237951618205	0.0019453470349078711	13.428755824587952	1.0407264279194322	-36.757502438696015	NaN	0.047864922049044516	0.00499888713293256	0.00010991841976200399	4.815747343281943e-05	-0.07658540067291346	0.02760565448735306	-0.6467741548301822	0.08492325187855156	2.623920759511305	NaN	2.623920759511305	676813.775073739
R3HM1	H	71.19318819442634	0.3541644214195915	0.0015543331587198912	11.959795343140001	1.2141544696676754	-48.72509395524629	NaN	0.04511307191244964	0.004121886609317601	-0.0003649323563995156	3.818641298881145e-05	-0.09822401636056703	0.032693462694949466	-1.4942942629656923	0.06837330447324702	3.0582510606776965	NaN	3.0582510606776965	676895.3753355837
R4HM2	H	71.17049049256701	0.35268719240452434	0.001600215848757165	24.386876727486495	1.2233859234510074	50.77318714373963	NaN	0.04713591233180836	0.00417164311776441	-0.00034341880722376587	3.9840986067830915e-05	-0.11805411371244082	0.03293232485260638	-1.8249497540029342	0.06981834774734332	3.069614895921466	NaN	3.069614895921466	676959.7814198756
R5HM1	H	71.17516584883822	0.34261065587865347	0.0014997589009680774	14.782995323016547	1.0702911583967576	-49.7952354948629	NaN	0.04837981376479488	0.0037926182003727073	0.0001432904155895167	3.727025579757715e-05	-0.15551403542071007	0.028818747539491506	-2.1105329065940035	0.0658031111642448	2.6330777148884894	NaN	2.6330777148884894	676634.7555721491
R7HM1	H	71.1565465719379	0.344066671302689	0.0016543015563047045	-3.9149402213112623	0.9813762586327495	42.373138807958306	NaN	0.048139811131406224	0.004036306157840209	0.00010887412541770255	4.108442379548303e-05	-0.06570758151486274	0.026433878818953097	-0.4195690607690853	0.07246723281467385	2.397782703783945	NaN	2.397782703783945	676647.1517463335
R7HM2	H	71.18874166617263	0.34394161561314734	0.0014658243597272217	-4.647387088535939	1.0711962103065789	52.83868662850465	NaN	0.04657380277325329	0.0032966542271981457	9.541795776827345e-05	3.512656958817419e-05	-0.15225932326567826	0.028840796420646523	0.14697984884761842	0.06733958131605892	2.4481406088186204	NaN	2.4481406088186204	676572.105529832
R8HM2	H	71.18189890280166	0.34285081868474665	0.0014915946772392677	33.115384610970565	0.9348710157943232	-46.23320094132624	NaN	0.04867426595108654	0.003535188958208734	0.00014270812508960452	3.698908712040023e-05	-0.12769064397861649	0.025173302630999456	-0.23292007812144433	0.06565442878148071	2.2425573505569045	NaN	2.2425573505569045	677060.8306594635
R9HM1	H	71.16710265327765	0.3436788160776506	0.0014728252673610323	5.022356721208473	1.1410215727702582	51.20628965064527	NaN	0.04584160998820895	0.003698318359694545	0.00011384825653611043	3.588154486189481e-05	-0.13855706284518346	0.030741522329613444	-0.6569824290913853	0.06560774093100127	2.8060434186073975	NaN	2.8060434186073975	676641.0110094177
R1VM2	V	70.56018698841018	0.8078271109847455	0.002303970742199157	-36.21920612460583	1.0099063494144416	NaN	-25.074742174066863	0.04047623936280239	0.005768894497341074	4.340315914908226e-05	5.257823913822468e-05	-0.038462417455388975	0.027198445915819044	1.865285233845569	0.11049371733670146	NaN	2.3846708948779303	2.3846708948779303	671768.718553831
R2VM1	V	70.33801388966708	0.8010251305318525	0.0013899516914376861	11.173024832586469	0.9080671940522665	NaN	-35.03277716152122	0.03306607232627483	0.0028299205405849666	-0.000139326665545949	2.8818818078364922e-05	0.019523248516806632	0.024867070090191137	-0.09298076808218796	0.07600060708035829	NaN	1.8405140112790275	1.8405140112790275	669896.8034667211
R3VM3	V	71.15639461804403	0.8073357470657115	0.0014550804927555285	-5.849723285083483	1.0893416906650837	NaN	44.45416799713936	0.03819049914222003	0.0031415916768997086	2.0850624783097788e-05	3.1491974929818795e-05	0.039981622349202106	0.02930463332040468	-0.1361678656425434	0.07513456601066124	NaN	2.329780617167855	2.329780617167855	676708.1420009402
R4VM2	V	71.1651337252656	0.8073787992904118	0.0009978094396418584	10.492125541560087	0.8140401340760911	NaN	-43.104278913753795	0.03464176956713409	0.002213725856947516	2.1273822254224362e-05	2.116045354110624e-05	0.03614867810504186	0.021878230996511257	0.6469533716446838	0.05266712276119647	NaN	1.7571521118110496	1.7571521118110496	676947.6563698493
R5VM1	V	71.16329375579068	0.806209025883561	0.0011913619897860922	-1.249419629632349	0.7755985849692669	NaN	36.335584566927444	0.037110157256608385	0.002711861781916688	-1.020045921415507e-05	2.567246733099518e-05	0.0268437576313306	0.0208893951091649	2.383715462379598	0.06159065218595952	NaN	1.7056934197650162	1.7056934197650162	676899.8506734216
R5VM2	V	71.15378822532819	0.8057110035968545	0.0010032731311619477	-3.40221693722777	0.666360116015615	NaN	35.6545822969498	0.03766852615858599	0.002462205085334671	-2.3625770073653528e-05	2.242601783054384e-05	0.0071146206348786665	0.017925068855826724	1.394943426876487	0.049327025556516635	NaN	1.5444348064687408	1.5444348064687408	676761.8566462778
R6VM1	V	71.1578325905208	0.8086429071246826	0.0010916412023435637	-5.283537850696406	0.6920571204860557	NaN	37.11666824362084	0.037542514962872274	0.002341694990666675	6.166065318798101e-05	2.360343373105724e-05	0.015537749730763129	0.018598573256798184	0.131226954632942	0.056470625164677136	NaN	1.4782273673725979	1.4782273673725979	676722.3698695572
R8VM1	V	71.2356961388756	0.8058476230149955	0.0016665338225162862	-9.936311881822556	1.278052628191591	NaN	35.9955557190114	0.03141290712523087	0.0038593626975934807	-6.317640904146306e-06	3.447521221605004e-05	-0.05772719629524617	0.03440583751806622	1.49629617951716	0.09020987883751033	NaN	2.7742278651288172	2.7742278651288172	677193.424099561
