bpm	plane	beam_energy_mev	tune	tune_err	closed_orbit_mm	closed_orbit_mm_err	beta_h_mm	beta_v_mm	tune_spread	tune_spread_err	tune_shift_per_turn	tune_shift_per_turn_err	closed_orbit_shift_per_turn_mm	closed_orbit_shift_per_turn_mm_err	betatron_phase_rad	betatron_phase_rad_err	beta_h_mm_err	beta_v_mm_err	beta_err	revolution_frequency_hz
R0HM1	H	71.19194609051573	0.35038304614880617	0.0015857014217579024	7.708439113747425	0.7027115355610037	-37.015773802791855	NaN	0.060588147415827194	0.004694202467889772	7.5295202355138105e-06	4.740897026487964e-05	-0.07032257451082498	0.0189198054973455	-1.5586418507874746	0.05633851089893408	2.022021599366416	NaN	2.022021599366416	676881.2776201586
R1HM1	H	71.14982587233033	0.3639248405513662	0.0019601721888867166	18.49689651838076	0.8770816617764395	-38.03403028010621	NaN	0.06029623080459706	0.005692571404233539	-0.0005385810204613543	5.7837774279658206e-05	-0.09644778480491374	0.02326199857344993	-0.8724023695221548	0.07024676311929971	2.5373775644285144	NaN	2.5373775644285144	676973.7714026665
R2HM2	H	70.7021731882358	0.3494986941031894	0.0016594042046626828	16.52930491685208	1.1825281673214914	49.10521285158244	NaN	0.04927680024214902	0.004446854351244415	9.686037611007653e-06	4.243161190062965e-05	-0.22480928954596682	0.031860078451347515	-0.8491355400261427	0.06964732289690116	3.0611182912128774	NaN	3.0611182912128774	672414.9679001246
R3HM1	H	71.20805518645773	0.34929345784335	0.001448389108117649	16.004777833261542	0.9262432590650208	-45.74106001521251	NaN	0.05262859330692276	0.0041257287894175135	2.2931994048956668e-05	3.907455145008134e-05	-0.1259804551013551	0.024948484509781904	-1.3214992220009398	0.05714967216807193	2.5112837460748225	NaN	2.5112837460748225	676909.3503915585
R4HM2	H	71.21457976800849	0.3499965208010145	0.0017505370285660288	25.81460729735121	1.0885720047677008	50.64527794021095	NaN	0.058450591937825536	0.005022558300514634	-5.824992049306409e-05	5.0861532376596623e-05	-0.1040523900211094	0.029295145083149447	-1.6839897622066675	0.06440434700485448	3.0505309427012923	NaN	3.0505309427012923	677056.6255373836
R5HM1	H	71.19446500621444	0.3494115672761639	0.0013805261992272634	15.82977522072888	0.8117185925678372	-49.585499186562856	NaN	0.05766320772424386	0.0036526783837164466	2.4252870577529185e-05	3.864581927218276e-05	-0.12435293719108073	0.021847020311089742	-2.127668385593457	0.053475769078345316	2.142691708970029	NaN	2.142691708970029	676768.8059909255
R7HM1	H	71.18817114169116	0.352418418680168	0.0016819561093629727	-1.372120916784397	0.8423327309448259	41.35250252203742	NaN	0.05628514761896322	0.004427244558457759	-1.641305401466354e-05	4.6588916582020666e-05	-0.08937846914347099	0.02268601924943399	-0.5528020282977388	0.0651846689797225	2.2442361161155886	NaN	2.2442361161155886	676746.631159587
R8HM2	H	71.19713861534734	0.350562244855596	0.0014584898670902482	33.964903319623964	0.7665500677329288	-44.27742835963882	NaN	0.05563536217002936	0.0036346191733999723	-8.274633696449514e-06	3.946092490656891e-05	-0.12823140889075577	0.020644158535640108	-0.2938229216186655	0.05832483196149163	1.9572904173486894	NaN	1.9572904173486894	677154.2957823434
R9HM1	H	71.1989650427152	0.3510998838423116	0.0013833910299004854	8.34091754694963	0.9090078770546757	51.552578803660154	NaN	0.05490961281082329	0.003741114466245954	-1.5399969475979363e-05	3.7824203719134656e-05	-0.12186426715946072	0.024486547892761376	-0.6988146682914199	0.05414394983193496	2.4372102053780123	NaN	2.4372102053780123	676765.2136793649
R2VM2	V	70.57462294954348	0.8234772452620391	0.003063376605435571	-5.3512736543975885	1.2621397206729643	NaN	28.59660754210297	0.05034121092552811	0.00833984655845869	0.00046218923469447685	8.005069484371983e-05	-0.0605828893751937	0.03392061370582141	1.7183751804636545	0.12605717375642583	NaN	3.2897216656403523	3.2897216656403523	671810.9274590083
R3VM1	V	71.19492374144949	0.8205107653912008	0.001784183979114707	9.203324870675937	0.4885500446639106	NaN	18.328465548385424	0.04590969336842862	0.00435036315998015	0.00032783188427397566	4.266269574483365e-05	-0.06280440785135065	0.012916567351897928	0.5534432081904632	0.08140512621565336	NaN	1.168160849935397	1.168160849935397	676881.2526928888
R3VM3	V	70.32713945899053	0.8156907931237297	0.00225427997062958	-0.09812650558746365	0.8285982107802421	NaN	-25.146288156976162	0.046431020052134786	0.005397846671177519	0.00012285232955393203	5.5023907350937994e-05	0.08451794577882119	0.023001740407873422	2.4153953079727937	0.10142596565237613	NaN	1.939992569613019	1.939992569613019	676795.5271578378
R4VM1	V	71.16649044750989	0.8149643508503841	0.0011453912746908833	-6.7604626890945925	0.46841142976497996	NaN	-28.125780309192947	0.049076182173302396	0.0030060100186289226	0.0001614894988069536	2.9117831256652422e-05	0.11241273691478067	0.012580507137495362	0.922002187675475	0.048594149411520335	NaN	1.1843324004738913	1.1843324004738913	676933.380158734
R4VM2	V	71.19674658333099	0.8183737129011184	0.0018100930360250825	-0.41732689682811586	0.6390882679172203	NaN	-27.542022638543145	0.050951621332576566	0.004206425275462431	0.0003139310881594049	4.5626326404554684e-05	0.04171430519528105	0.017185503559846698	-0.08756192482337259	0.07860748523874606	NaN	1.4995670193494073	1.4995670193494073	677175.6679946168
R5VM1	V	71.17601518909782	0.8142876326769093	0.001341277245729093	-5.736996246916967	0.4557798021842997	NaN	23.24398685678677	0.05012512337015573	0.0036960127564066906	0.00014600644920284076	3.4843725413611624e-05	-0.045257483828846694	0.012259435575207726	1.6153656910405654	0.05534232581134741	NaN	1.189606280262209	1.189606280262209	676871.5565265226
R5VM2	V	71.17237848879432	0.8127782434768891	0.0015851959606158902	8.18884469189615	0.4643980480717771	NaN	23.434874979919197	0.05491060568005563	0.004077846661140195	0.00015957949721252994	4.268297936151483e-05	-0.09318394300287654	0.012471625863297642	0.5884804412566067	0.06357762155209844	NaN	1.1868043864614188	1.1868043864614188	676704.1336813202
R6VM1	V	71.16762113448885	0.8155840239483669	0.001302302340308051	11.661303836611987	0.39767947823279975	NaN	-21.29608062081947	0.046957094659151544	0.003117818619090905	0.00019191404594429351	3.174088545029665e-05	-0.014778443165137743	0.010696330967783215	2.43755213678282	0.058607259037093115	NaN	0.9444275002362581	0.9444275002362581	676716.6920873756
R7VM2	V	71.17477388002067	0.8178069252621053	0.0018882847000879484	-8.992243659801991	0.5959258251536289	NaN	-23.25000674185004	0.048687059995484644	0.004399945659047854	0.00029864984913882073	4.650279415092256e-05	0.09910380286029685	0.016023949703555567	0.17957330573809482	0.08392867370297907	NaN	1.39207199686067	1.39207199686067	677010.0823265689
R8VM1	V	71.18685281863884	0.8176812101885303	0.0013792171487234561	14.51399856455618	0.49654425877171404	NaN	26.36965462689128	0.05190766160925328	0.003645491732844933	0.0002755688575163561	3.6379661951357144e-05	-0.17068939973323752	0.013344811833954329	0.8762400523660558	0.05621056729438529	NaN	1.2794076616752175	1.2794076616752175	676753.8500460853
R9VM2	V	71.16465193036117	0.8197703853240152	0.0013388271541847773	-12.278827723314565	0.5024356311358112	NaN	-25.696038523627877	0.049358059834347795	0.0035904270040388233	0.00029773349672101545	3.451896152799872e-05	0.1509761101189363	0.013507244947544648	1.7661339861001888	0.05592668732216549	NaN	1.293573845163185	1.293573845163185	676837.6197800605
