magnet	S_start	S_end	S_centre	angle	offset_start	offset_end	offset_centre
QC 0	16.224500000000	16.607500000000	16.416000000000	-0.396866819895	0.101000000000	-0.051000000000	0.025000000000
QC 2	48.897064000000	49.280064000000	49.088564000000	-0.892950154310	0.310000000000	-0.032000000000	0.139000000000
QC 3	65.233346000000	65.616346000000	65.424846000000	-0.681462035504	0.302000000000	0.041000000000	0.171500000000
QC 4	81.569628000000	81.952628000000	81.761128000000	-0.248041770370	0.430000000000	0.335000000000	0.382500000000
QC 5	97.905910000000	98.288910000000	98.097410000000	-0.723237471809	0.805000000000	0.528000000000	0.666500000000
QC 6	114.242192000000	114.625192000000	114.433692000000	0.125326370101	0.398000000000	0.446000000000	0.422000000000
QC 7	130.578474000000	130.961474000000	130.769974000000	-0.422976476081	0.427000000000	0.265000000000	0.346000000000
QC 8	146.914756000000	147.297756000000	147.106256000000	-0.214099213439	0.571000000000	0.489000000000	0.530000000000
QC 9	163.251038000000	163.634038000000	163.442538000000	0.164490860135	0.540000000000	0.603000000000	0.571500000000
